key 0 0 00 00 value 10 10 10 1 10 0 212 70 0 21 77 212 70 143
key 1 0 00 00 value 10 10 10 1 10 0 47 219 0 21 77 47 219 57 
key 2 0 00 00 value 10 10 10 1 10 0 68 55 0 21 77 68 55 61 
key 3 0 00 00 value 10 10 10 1 10 0 214 11 0 21 77 214 11 243 
key 4 0 00 00 value 10 10 10 1 10 0 160 168 0 21 77 160 168 176 
key 5 0 00 00 value 10 10 10 1 10 0 106 197 0 21 77 106 197 4 
key 6 0 00 00 value 10 10 10 1 10 0 250 85 0 21 77 250 85 55 
key 7 0 00 00 value 10 10 10 1 10 0 207 173 0 21 77 207 173 240 
key 8 0 00 00 value 10 10 10 1 10 0 56 197 0 21 77 56 197 138 
key 9 0 00 00 value 10 10 10 1 10 0 226 152 0 21 77 226 152 225 
key 10 0 00 00 value 10 10 10 1 10 0 58 44 0 21 77 58 44 245 
key 11 0 00 00 value 10 10 10 1 10 0 229 45 0 21 77 229 45 13 
key 12 0 00 00 value 10 10 10 1 10 0 187 142 0 21 77 187 142 100 
key 13 0 00 00 value 10 10 10 1 10 0 24 34 0 21 77 24 34 79 
key 14 0 00 00 value 10 10 10 1 10 0 166 54 0 21 77 166 54 174 
key 15 0 00 00 value 10 10 10 1 10 0 93 206 0 21 77 93 206 219 
key 16 0 00 00 value 10 10 10 1 10 0 231 249 0 21 77 231 249 31 
key 17 0 00 00 value 10 10 10 1 10 0 65 76 0 21 77 65 76 38 
key 18 0 00 00 value 10 10 10 1 10 0 15 234 0 21 77 15 234 195 
key 19 0 00 00 value 10 10 10 1 10 0 230 55 0 21 77 230 55 21 
key 20 0 00 00 value 10 10 10 1 10 0 136 86 0 21 77 136 86 3 
key 21 0 00 00 value 10 10 10 1 10 0 148 53 0 21 77 148 53 47 
key 22 0 00 00 value 10 10 10 1 10 0 183 116 0 21 77 183 116 22 
key 23 0 00 00 value 10 10 10 1 10 0 180 50 0 21 77 180 50 51 
key 24 0 00 00 value 10 10 10 1 10 0 254 80 0 21 77 254 80 40 
key 25 0 00 00 value 10 10 10 1 10 0 233 102 0 21 77 233 102 38 
key 26 0 00 00 value 10 10 10 1 10 0 102 227 0 21 77 102 227 103 
key 27 0 00 00 value 10 10 10 1 10 0 113 54 0 21 77 113 54 196 
key 28 0 00 00 value 10 10 10 1 10 0 40 225 0 21 77 43 225 134 
key 29 0 00 00 value 10 10 10 1 10 0 88 87 0 21 77 88 87 103 
key 30 0 00 00 value 10 10 10 1 10 0 175 163 0 21 77 175 163 229 
key 31 0 00 00 value 10 10 10 1 10 0 9 218 0 21 77 9 218 213 
key 32 0 00 00 value 10 10 10 1 10 0 40 86 0 21 77 40 86 207 
key 33 0 00 00 value 10 10 10 1 10 0 75 65 0 21 77 75 65 223 
key 34 0 00 00 value 10 10 10 1 10 0 250 93 0 21 77 250 93 200 
key 35 0 00 00 value 10 10 10 1 10 0 56 38 0 21 77 56 38 76 
key 36 0 00 00 value 10 10 10 1 10 0 206 8 0 21 77 206 8 166 
key 37 0 00 00 value 10 10 10 1 10 0 196 245 0 21 77 196 245 13 
key 38 0 00 00 value 10 10 10 1 10 0 186 51 0 21 77 186 51 158 
key 39 0 00 00 value 10 10 10 1 10 0 145 16 0 21 77 145 16 78 
key 40 0 00 00 value 10 10 10 1 10 0 186 6 0 21 77 186 6 65 
key 41 0 00 00 value 10 10 10 1 10 0 72 74 0 21 77 72 74 149 
key 42 0 00 00 value 10 10 10 1 10 0 88 233 0 21 77 88 233 64 
key 43 0 00 00 value 10 10 10 1 10 0 170 57 0 21 77 170 57 25 
key 44 0 00 00 value 10 10 10 1 10 0 174 71 0 21 77 174 71 131 
key 45 0 00 00 value 10 10 10 1 10 0 205 107 0 21 77 205 107 202 
key 46 0 00 00 value 10 10 10 1 10 0 167 246 0 21 77 167 246 237 
key 47 0 00 00 value 10 10 10 1 10 0 174 232 0 21 77 174 232 43 
key 48 0 00 00 value 10 10 10 1 10 0 168 32 0 21 77 168 32 83 
key 49 0 00 00 value 10 10 10 1 10 0 224 43 0 21 77 224 43 199 
key 50 0 00 00 value 10 10 10 1 10 0 93 164 0 21 77 93 164 143 
key 51 0 00 00 value 10 10 10 1 10 0 158 161 0 21 77 158 161 50 
key 52 0 00 00 value 10 10 10 1 10 0 181 253 0 21 77 181 253 252 
key 53 0 00 00 value 10 10 10 1 10 0 207 193 0 21 77 207 193 209 
key 54 0 00 00 value 10 10 10 1 10 0 156 0 0 21 77 156 0 149 
key 55 0 00 00 value 10 10 10 1 10 0 120 164 0 21 77 120 166 4 
key 56 0 00 00 value 10 10 10 1 10 0 165 105 0 21 77 165 105 157 
key 57 0 00 00 value 10 10 10 1 10 0 145 130 0 21 77 145 130 38 
key 58 0 00 00 value 10 10 10 1 10 0 171 20 0 21 77 171 20 159 
key 59 0 00 00 value 10 10 10 1 10 0 68 20 0 21 77 68 20 189 
key 60 0 00 00 value 10 10 10 1 10 0 82 179 0 21 77 82 179 50 
key 61 0 00 00 value 10 10 10 1 10 0 248 39 0 21 77 248 39 45 
key 62 0 00 00 value 10 10 10 1 10 0 168 14 0 21 77 168 14 102 
key 63 0 00 00 value 10 10 10 1 10 0 195 102 0 21 77 195 102 200 
key 64 0 00 00 value 10 10 10 1 10 0 165 167 0 21 77 165 167 57 
key 65 0 00 00 value 10 10 10 1 10 0 176 113 0 21 77 176 113 248 
key 66 0 00 00 value 10 10 10 1 10 0 120 227 0 21 77 120 227 11 
key 67 0 00 00 value 10 10 10 1 10 0 219 90 0 21 77 219 90 126 
key 68 0 00 00 value 10 10 10 1 10 0 178 140 0 21 77 178 140 64 
key 69 0 00 00 value 10 10 10 1 10 0 59 79 0 21 77 59 79 68 
key 70 0 00 00 value 10 10 10 1 10 0 158 189 0 21 77 158 189 211 
key 71 0 00 00 value 10 10 10 1 10 0 40 70 0 21 77 40 70 52 
key 72 0 00 00 value 10 10 10 1 10 0 225 152 0 21 77 225 152 169 
key 73 0 00 00 value 10 10 10 1 10 0 36 165 0 21 77 36 165 130 
key 74 0 00 00 value 10 10 10 1 10 0 94 93 0 21 77 94 93 21 
key 75 0 00 00 value 10 10 10 1 10 0 83 128 0 21 77 83 128 79 
key 76 0 00 00 value 10 10 10 1 10 0 76 13 0 21 77 76 13 236 
key 77 0 00 00 value 10 10 10 1 10 0 118 86 0 21 77 118 86 244 
key 78 0 00 00 value 10 10 10 1 10 0 176 235 0 21 77 176 235 117 
key 79 0 00 00 value 10 10 10 1 10 0 188 233 0 21 77 188 233 216 
key 80 0 00 00 value 10 10 10 1 10 0 202 241 0 21 77 202 241 238 
key 81 0 00 00 value 10 10 10 1 10 0 37 168 0 21 77 37 168 31 
key 82 0 00 00 value 10 10 10 1 10 0 195 176 0 21 77 195 176 89 
key 83 0 00 00 value 10 10 10 1 10 0 65 57 0 21 77 65 57 246 
key 84 0 00 00 value 10 10 10 1 10 0 221 4 0 21 77 221 4 68 
key 85 0 00 00 value 10 10 10 1 10 0 44 138 0 21 77 44 138 57 
key 86 0 00 00 value 10 10 10 1 10 0 142 65 0 21 77 142 65 67 
key 87 0 00 00 value 10 10 10 1 10 0 88 84 0 21 77 88 84 189 
key 88 0 00 00 value 10 10 10 1 10 0 163 174 0 21 77 163 174 90 
key 89 0 00 00 value 10 10 10 1 10 0 199 94 0 21 77 199 94 158 
key 90 0 00 00 value 10 10 10 1 10 0 219 201 0 21 77 219 201 62 
key 91 0 00 00 value 10 10 10 1 10 0 26 231 0 21 77 26 231 18 
key 92 0 00 00 value 10 10 10 1 10 0 43 225 0 21 77 43 225 115 
key 93 0 00 00 value 10 10 10 1 10 0 160 35 0 21 77 160 35 254 
key 94 0 00 00 value 10 10 10 1 10 0 92 199 0 21 77 92 199 157 
key 95 0 00 00 value 10 10 10 1 10 0 120 114 0 21 77 120 114 70 
key 96 0 00 00 value 10 10 10 1 10 0 253 62 0 21 77 253 62 221 
key 97 0 00 00 value 10 10 10 1 10 0 135 200 0 21 77 135 200 78 
key 98 0 00 00 value 10 10 10 1 10 0 92 114 0 21 77 92 114 142 
key 99 0 00 00 value 10 10 10 1 10 0 219 222 0 21 77 219 222 146 
key 100 0 00 00 value 10 10 10 1 10 0 154 138 0 21 77 154 138 179 
key 101 0 00 00 value 10 10 10 1 10 0 167 68 0 21 77 167 68 138 
key 102 0 00 00 value 10 10 10 1 10 0 231 143 0 21 77 231 143 195 
key 103 0 00 00 value 10 10 10 1 10 0 237 28 0 21 77 237 28 235 
key 104 0 00 00 value 10 10 10 1 10 0 226 243 0 21 77 226 243 96 
key 105 0 00 00 value 10 10 10 1 10 0 8 3 0 21 77 8 3 184 
key 106 0 00 00 value 10 10 10 1 10 0 52 35 0 21 77 52 35 192 
key 107 0 00 00 value 10 10 10 1 10 0 175 212 0 21 77 175 212 132 
key 108 0 00 00 value 10 10 10 1 10 0 184 67 0 21 77 184 67 51 
key 109 0 00 00 value 10 10 10 1 10 0 147 13 0 21 77 147 13 54 
key 110 0 00 00 value 10 10 10 1 10 0 222 50 0 21 77 222 50 105 
key 111 0 00 00 value 10 10 10 1 10 0 1 222 0 21 77 1 222 187 
key 112 0 00 00 value 10 10 10 1 10 0 74 63 0 21 77 74 63 189 
key 113 0 00 00 value 10 10 10 1 10 0 194 127 0 21 77 194 127 180 
key 114 0 00 00 value 10 10 10 1 10 0 99 66 0 21 77 99 66 223 
key 115 0 00 00 value 10 10 10 1 10 0 10 74 0 21 77 10 74 183 
key 116 0 00 00 value 10 10 10 1 10 0 253 143 0 21 77 253 143 177 
key 117 0 00 00 value 10 10 10 1 10 0 44 2 0 21 77 44 2 205 
key 118 0 00 00 value 10 10 10 1 10 0 3 250 0 21 77 3 254 19 
key 119 0 00 00 value 10 10 10 1 10 0 114 169 0 21 77 114 169 28 
key 120 0 00 00 value 10 10 10 1 10 0 133 177 0 21 77 133 177 43 
key 121 0 00 00 value 10 10 10 1 10 0 189 77 0 21 77 189 77 253 
key 122 0 00 00 value 10 10 10 1 10 0 239 11 0 21 77 239 11 138 
key 123 0 00 00 value 10 10 10 1 10 0 203 91 0 21 77 203 91 249 
key 124 0 00 00 value 10 10 10 1 10 0 185 3 0 21 77 185 3 85 
key 125 0 00 00 value 10 10 10 1 10 0 251 239 0 21 77 251 239 251 
key 126 0 00 00 value 10 10 10 1 10 0 236 208 0 21 77 236 208 122 
key 127 0 00 00 value 10 10 10 1 10 0 231 78 0 21 77 231 78 161 
key 128 0 00 00 value 10 10 10 1 10 0 185 48 0 21 77 185 48 136 
key 129 0 00 00 value 10 10 10 1 10 0 62 14 0 21 77 62 14 250 
key 130 0 00 00 value 10 10 10 1 10 0 14 18 0 21 77 14 18 142 
key 131 0 00 00 value 10 10 10 1 10 0 206 174 0 21 77 206 174 107 
key 132 0 00 00 value 10 10 10 1 10 0 26 17 0 21 77 26 17 98 
key 133 0 00 00 value 10 10 10 1 10 0 77 101 0 21 77 77 101 214 
key 134 0 00 00 value 10 10 10 1 10 0 112 140 0 21 77 112 140 74 
key 135 0 00 00 value 10 10 10 1 10 0 219 48 0 21 77 219 48 25 
key 136 0 00 00 value 10 10 10 1 10 0 132 137 0 21 77 132 137 19 
key 137 0 00 00 value 10 10 10 1 10 0 19 129 0 21 77 19 129 57 
key 138 0 00 00 value 10 10 10 1 10 0 190 195 0 21 77 190 195 46 
key 139 0 00 00 value 10 10 10 1 10 0 123 113 0 21 77 123 113 174 
key 140 0 00 00 value 10 10 10 1 10 0 113 176 0 21 77 113 176 36 
key 141 0 00 00 value 10 10 10 1 10 0 171 218 0 21 77 171 218 222 
key 142 0 00 00 value 10 10 10 1 10 0 120 166 0 21 77 120 166 108 
key 143 0 00 00 value 10 10 10 1 10 0 76 254 0 21 77 76 254 94 
key 144 0 00 00 value 10 10 10 1 10 0 38 73 0 21 77 38 73 197 
key 145 0 00 00 value 10 10 10 1 10 0 86 85 0 21 77 86 85 82 
key 146 0 00 00 value 10 10 10 1 10 0 19 189 0 21 77 19 189 143 
key 147 0 00 00 value 10 10 10 1 10 0 55 21 0 21 77 55 21 19 
key 148 0 00 00 value 10 10 10 1 10 0 99 239 0 21 77 99 239 165 
key 149 0 00 00 value 10 10 10 1 10 0 191 51 0 21 77 191 51 248 
key 150 0 00 00 value 10 10 10 1 10 0 249 221 0 21 77 249 221 64 
key 151 0 00 00 value 10 10 10 1 10 0 239 35 0 21 77 239 35 82 
key 152 0 00 00 value 10 10 10 1 10 0 247 191 0 21 77 247 191 5 
key 153 0 00 00 value 10 10 10 1 10 0 5 139 0 21 77 5 139 60 
key 154 0 00 00 value 10 10 10 1 10 0 16 140 0 21 77 16 140 166 
key 155 0 00 00 value 10 10 10 1 10 0 247 85 0 21 77 247 85 83 
key 156 0 00 00 value 10 10 10 1 10 0 202 235 0 21 77 202 235 167 
key 157 0 00 00 value 10 10 10 1 10 0 8 55 0 21 77 8 55 55 
key 158 0 00 00 value 10 10 10 1 10 0 127 137 0 21 77 127 137 206 
key 159 0 00 00 value 10 10 10 1 10 0 0 223 0 21 77 0 223 30 
key 160 0 00 00 value 10 10 10 1 10 0 89 25 0 21 77 89 25 254 
key 161 0 00 00 value 10 10 10 1 10 0 132 108 0 21 77 132 108 163 
key 162 0 00 00 value 10 10 10 1 10 0 5 225 0 21 77 5 225 237 
key 163 0 00 00 value 10 10 10 1 10 0 58 29 0 21 77 58 29 30 
key 164 0 00 00 value 10 10 10 1 10 0 8 205 0 21 77 8 205 212 
key 165 0 00 00 value 10 10 10 1 10 0 105 65 0 21 77 105 65 76 
key 166 0 00 00 value 10 10 10 1 10 0 219 15 0 21 77 219 15 199 
key 167 0 00 00 value 10 10 10 1 10 0 102 77 0 21 77 102 77 144 
key 168 0 00 00 value 10 10 10 1 10 0 97 50 0 21 77 97 50 53 
key 169 0 00 00 value 10 10 10 1 10 0 167 214 0 21 77 167 214 41 
key 170 0 00 00 value 10 10 10 1 10 0 13 176 0 21 77 13 176 246 
key 171 0 00 00 value 10 10 10 1 10 0 124 183 0 21 77 124 183 190 
key 172 0 00 00 value 10 10 10 1 10 0 75 32 0 21 77 75 32 143 
key 173 0 00 00 value 10 10 10 1 10 0 144 206 0 21 77 144 206 204 
key 174 0 00 00 value 10 10 10 1 10 0 135 178 0 21 77 135 178 58 
key 175 0 00 00 value 10 10 10 1 10 0 53 31 0 21 77 53 31 200 
key 176 0 00 00 value 10 10 10 1 10 0 123 205 0 21 77 123 205 23 
key 177 0 00 00 value 10 10 10 1 10 0 220 17 0 21 77 220 17 184 
key 178 0 00 00 value 10 10 10 1 10 0 109 84 0 21 77 109 84 208 
key 179 0 00 00 value 10 10 10 1 10 0 71 210 0 21 77 71 210 236 
key 180 0 00 00 value 10 10 10 1 10 0 93 37 0 21 77 93 37 28 
key 181 0 00 00 value 10 10 10 1 10 0 19 124 0 21 77 19 124 180 
key 182 0 00 00 value 10 10 10 1 10 0 169 14 0 21 77 169 14 57 
key 183 0 00 00 value 10 10 10 1 10 0 145 187 0 21 77 145 187 221 
key 184 0 00 00 value 10 10 10 1 10 0 102 249 0 21 77 102 249 237 
key 185 0 00 00 value 10 10 10 1 10 0 237 106 0 21 77 237 106 91 
key 186 0 00 00 value 10 10 10 1 10 0 55 84 0 21 77 55 84 167 
key 187 0 00 00 value 10 10 10 1 10 0 188 122 0 21 77 188 122 130 
key 188 0 00 00 value 10 10 10 1 10 0 232 114 0 21 77 232 114 246 
key 189 0 00 00 value 10 10 10 1 10 0 242 119 0 21 77 242 119 79 
key 190 0 00 00 value 10 10 10 1 10 0 160 140 0 21 77 160 140 145 
key 191 0 00 00 value 10 10 10 1 10 0 118 103 0 21 77 118 103 163 
key 192 0 00 00 value 10 10 10 1 10 0 22 206 0 21 77 22 206 57 
key 193 0 00 00 value 10 10 10 1 10 0 109 90 0 21 77 109 90 108 
key 194 0 00 00 value 10 10 10 1 10 0 142 196 0 21 77 142 196 101 
key 195 0 00 00 value 10 10 10 1 10 0 35 181 0 21 77 35 181 240 
key 196 0 00 00 value 10 10 10 1 10 0 99 62 0 21 77 99 62 252 
key 197 0 00 00 value 10 10 10 1 10 0 32 79 0 21 77 32 79 231 
key 198 0 00 00 value 10 10 10 1 10 0 189 14 0 21 77 189 14 15 
key 199 0 00 00 value 10 10 10 1 10 0 40 158 0 21 77 40 158 110 
key 200 0 00 00 value 10 10 10 1 10 0 12 166 0 21 77 12 166 181 
key 201 0 00 00 value 10 10 10 1 10 0 25 39 0 21 77 25 39 90 
key 202 0 00 00 value 10 10 10 1 10 0 161 44 0 21 77 161 44 182 
key 203 0 00 00 value 10 10 10 1 10 0 89 203 0 21 77 89 203 178 
key 204 0 00 00 value 10 10 10 1 10 0 67 183 0 21 77 67 183 44 
key 205 0 00 00 value 10 10 10 1 10 0 110 191 0 21 77 110 191 128 
key 206 0 00 00 value 10 10 10 1 10 0 81 247 0 21 77 81 247 209 
key 207 0 00 00 value 10 10 10 1 10 0 77 229 0 21 77 77 229 87 
key 208 0 00 00 value 10 10 10 1 10 0 178 19 0 21 77 178 19 174 
key 209 0 00 00 value 10 10 10 1 10 0 204 89 0 21 77 204 89 15 
key 210 0 00 00 value 10 10 10 1 10 0 30 0 0 21 77 30 0 123 
key 211 0 00 00 value 10 10 10 1 10 0 148 51 0 21 77 148 51 77 
key 212 0 00 00 value 10 10 10 1 10 0 213 43 0 21 77 213 43 86 
key 213 0 00 00 value 10 10 10 1 10 0 105 225 0 21 77 105 225 49 
key 214 0 00 00 value 10 10 10 1 10 0 150 197 0 21 77 150 197 65 
key 215 0 00 00 value 10 10 10 1 10 0 2 69 0 21 77 2 69 235 
key 216 0 00 00 value 10 10 10 1 10 0 0 135 0 21 77 0 135 79 
key 217 0 00 00 value 10 10 10 1 10 0 85 113 0 21 77 85 113 225 
key 218 0 00 00 value 10 10 10 1 10 0 132 23 0 21 77 132 23 40 
key 219 0 00 00 value 10 10 10 1 10 0 14 185 0 21 77 14 185 243 
key 220 0 00 00 value 10 10 10 1 10 0 89 21 0 21 77 89 21 87 
key 221 0 00 00 value 10 10 10 1 10 0 99 52 0 21 77 99 52 112 
key 222 0 00 00 value 10 10 10 1 10 0 43 173 0 21 77 43 173 34 
key 223 0 00 00 value 10 10 10 1 10 0 122 212 0 21 77 122 212 253 
key 224 0 00 00 value 10 10 10 1 10 0 106 106 0 21 77 106 106 245 
key 225 0 00 00 value 10 10 10 1 10 0 86 91 0 21 77 86 91 203 
key 226 0 00 00 value 10 10 10 1 10 0 217 233 0 21 77 217 233 208 
key 227 0 00 00 value 10 10 10 1 10 0 195 226 0 21 77 195 226 88 
key 228 0 00 00 value 10 10 10 1 10 0 79 46 0 21 77 79 46 106 
key 229 0 00 00 value 10 10 10 1 10 0 85 18 0 21 77 85 18 140 
key 230 0 00 00 value 10 10 10 1 10 0 213 194 0 21 77 213 194 118 
key 231 0 00 00 value 10 10 10 1 10 0 4 188 0 21 77 4 188 90 
key 232 0 00 00 value 10 10 10 1 10 0 237 180 0 21 77 237 180 27 
key 233 0 00 00 value 10 10 10 1 10 0 252 132 0 21 77 252 132 52 
key 234 0 00 00 value 10 10 10 1 10 0 128 254 0 21 77 128 254 66 
key 235 0 00 00 value 10 10 10 1 10 0 228 232 0 21 77 228 232 210 
key 236 0 00 00 value 10 10 10 1 10 0 168 106 0 21 77 168 106 131 
key 237 0 00 00 value 10 10 10 1 10 0 40 6 0 21 77 40 6 103 
key 238 0 00 00 value 10 10 10 1 10 0 196 226 0 21 77 196 226 150 
key 239 0 00 00 value 10 10 10 1 10 0 170 161 0 21 77 170 161 127 
key 240 0 00 00 value 10 10 10 1 10 0 40 189 0 21 77 40 189 72 
key 241 0 00 00 value 10 10 10 1 10 0 53 194 0 21 77 53 194 219 
key 242 0 00 00 value 10 10 10 1 10 0 87 236 0 21 77 87 236 51 
key 243 0 00 00 value 10 10 10 1 10 0 44 224 0 21 77 44 224 219 
key 244 0 00 00 value 10 10 10 1 10 0 207 53 0 21 77 207 53 123 
key 245 0 00 00 value 10 10 10 1 10 0 68 76 0 21 77 68 76 178 
key 246 0 00 00 value 10 10 10 1 10 0 132 145 0 21 77 132 145 74 
key 247 0 00 00 value 10 10 10 1 10 0 25 139 0 21 77 25 139 43 
key 248 0 00 00 value 10 10 10 1 10 0 67 154 0 21 77 67 154 110 
key 249 0 00 00 value 10 10 10 1 10 0 103 66 0 21 77 103 66 102 
key 250 0 00 00 value 10 10 10 1 10 0 39 134 0 21 77 39 134 79 
key 251 0 00 00 value 10 10 10 1 10 0 43 223 0 21 77 43 223 206 
key 252 0 00 00 value 10 10 10 1 10 0 198 164 0 21 77 198 164 186 
key 253 0 00 00 value 10 10 10 1 10 0 177 27 0 21 77 177 27 136 
key 254 0 00 00 value 10 10 10 1 10 0 251 73 0 21 77 251 73 199 
key 255 0 00 00 value 10 10 10 1 10 0 186 213 0 21 77 186 213 167 
key 0 1 00 00 value 10 10 10 1 10 0 34 102 0 21 77 34 102 180 
key 1 1 00 00 value 10 10 10 1 10 0 135 108 0 21 77 135 108 92 
key 2 1 00 00 value 10 10 10 1 10 0 98 20 0 21 77 98 20 170 
key 3 1 00 00 value 10 10 10 1 10 0 113 179 0 21 77 113 179 123 
key 4 1 00 00 value 10 10 10 1 10 0 110 135 0 21 77 110 135 1 
key 5 1 00 00 value 10 10 10 1 10 0 131 15 0 21 77 131 15 234 
key 6 1 00 00 value 10 10 10 1 10 0 3 254 0 21 77 3 254 87 
key 7 1 00 00 value 10 10 10 1 10 0 168 63 0 21 77 168 63 23 
key 8 1 00 00 value 10 10 10 1 10 0 124 178 0 21 77 124 178 221 
key 9 1 00 00 value 10 10 10 1 10 0 185 87 0 21 77 185 87 151 
key 10 1 00 00 value 10 10 10 1 10 0 112 208 0 21 77 112 208 173 
key 11 1 00 00 value 10 10 10 1 10 0 113 94 0 21 77 113 94 175 
key 12 1 00 00 value 10 10 10 1 10 0 129 153 0 21 77 129 153 91 
key 13 1 00 00 value 10 10 10 1 10 0 48 197 0 21 77 48 197 196 
key 14 1 00 00 value 10 10 10 1 10 0 25 15 0 21 77 25 15 98 
key 15 1 00 00 value 10 10 10 1 10 0 54 242 0 21 77 54 242 25 
key 16 1 00 00 value 10 10 10 1 10 0 251 68 0 21 77 251 68 218 
key 17 1 00 00 value 10 10 10 1 10 0 167 196 0 21 77 167 196 90 
key 18 1 00 00 value 10 10 10 1 10 0 105 214 0 21 77 105 214 177 
key 19 1 00 00 value 10 10 10 1 10 0 100 134 0 21 77 100 134 141 
key 20 1 00 00 value 10 10 10 1 10 0 228 199 0 21 77 228 199 9 
key 21 1 00 00 value 10 10 10 1 10 0 82 46 0 21 77 82 46 131 
key 22 1 00 00 value 10 10 10 1 10 0 58 164 0 21 77 58 164 5 
key 23 1 00 00 value 10 10 10 1 10 0 60 204 0 21 77 60 204 205 
key 24 1 00 00 value 10 10 10 1 10 0 171 150 0 21 77 171 150 175 
key 25 1 00 00 value 10 10 10 1 10 0 182 61 0 21 77 182 61 51 
key 26 1 00 00 value 10 10 10 1 10 0 100 183 0 21 77 100 183 173 
key 27 1 00 00 value 10 10 10 1 10 0 239 85 0 21 77 239 85 83 
key 28 1 00 00 value 10 10 10 1 10 0 53 14 0 21 77 53 14 20 
key 29 1 00 00 value 10 10 10 1 10 0 56 113 0 21 77 56 113 200 
key 30 1 00 00 value 10 10 10 1 10 0 100 143 0 21 77 100 143 84 
key 31 1 00 00 value 10 10 10 1 10 0 243 248 0 21 77 243 248 2 
key 32 1 00 00 value 10 10 10 1 10 0 92 90 0 21 77 92 90 28 
key 33 1 00 00 value 10 10 10 1 10 0 51 144 0 21 77 51 144 68 
key 34 1 00 00 value 10 10 10 1 10 0 79 214 0 21 77 79 214 127 
key 35 1 00 00 value 10 10 10 1 10 0 151 85 0 21 77 151 85 166 
key 36 1 00 00 value 10 10 10 1 10 0 207 40 0 21 77 207 40 40 
key 37 1 00 00 value 10 10 10 1 10 0 103 109 0 21 77 103 109 21 
key 38 1 00 00 value 10 10 10 1 10 0 9 131 0 21 77 9 131 107 
key 39 1 00 00 value 10 10 10 1 10 0 50 245 0 21 77 50 245 191 
key 40 1 00 00 value 10 10 10 1 10 0 81 211 0 21 77 81 211 129 
key 41 1 00 00 value 10 10 10 1 10 0 185 21 0 21 77 185 21 38 
key 42 1 00 00 value 10 10 10 1 10 0 83 173 0 21 77 83 173 113 
key 43 1 00 00 value 10 10 10 1 10 0 72 140 0 21 77 72 140 28 
key 44 1 00 00 value 10 10 10 1 10 0 79 150 0 21 77 79 150 13 
key 45 1 00 00 value 10 10 10 1 10 0 158 190 0 21 77 158 190 77 
key 46 1 00 00 value 10 10 10 1 10 0 180 72 0 21 77 180 72 157 
key 47 1 00 00 value 10 10 10 1 10 0 23 181 0 21 77 23 181 11 
key 48 1 00 00 value 10 10 10 1 10 0 1 232 0 21 77 1 232 27 
key 49 1 00 00 value 10 10 10 1 10 0 153 111 0 21 77 153 111 49 
key 50 1 00 00 value 10 10 10 1 10 0 218 135 0 21 77 218 135 6 
key 51 1 00 00 value 10 10 10 1 10 0 253 85 0 21 77 253 85 73 
key 52 1 00 00 value 10 10 10 1 10 0 143 64 0 21 77 143 64 5 
key 53 1 00 00 value 10 10 10 1 10 0 16 146 0 21 77 16 146 202 
key 54 1 00 00 value 10 10 10 1 10 0 16 16 0 21 77 16 16 138 
key 55 1 00 00 value 10 10 10 1 10 0 79 100 0 21 77 79 100 227 
key 56 1 00 00 value 10 10 10 1 10 0 44 54 0 21 77 44 54 106 
key 57 1 00 00 value 10 10 10 1 10 0 191 185 0 21 77 191 185 131 
key 58 1 00 00 value 10 10 10 1 10 0 245 194 0 21 77 245 194 162 
key 59 1 00 00 value 10 10 10 1 10 0 168 84 0 21 77 168 84 20 
key 60 1 00 00 value 10 10 10 1 10 0 103 162 0 21 77 103 162 43 
key 61 1 00 00 value 10 10 10 1 10 0 96 176 0 21 77 96 176 141 
key 62 1 00 00 value 10 10 10 1 10 0 135 33 0 21 77 135 33 82 
key 63 1 00 00 value 10 10 10 1 10 0 192 144 0 21 77 192 144 83 
key 64 1 00 00 value 10 10 10 1 10 0 122 33 0 21 77 122 33 56 
key 65 1 00 00 value 10 10 10 1 10 0 220 42 0 21 77 220 42 82 
key 66 1 00 00 value 10 10 10 1 10 0 137 134 0 21 77 137 134 148 
key 67 1 00 00 value 10 10 10 1 10 0 3 129 0 21 77 3 129 234 
key 68 1 00 00 value 10 10 10 1 10 0 125 118 0 21 77 125 118 157 
key 69 1 00 00 value 10 10 10 1 10 0 86 111 0 21 77 86 111 108 
key 70 1 00 00 value 10 10 10 1 10 0 62 129 0 21 77 62 129 104 
key 71 1 00 00 value 10 10 10 1 10 0 65 218 0 21 77 65 218 126 
key 72 1 00 00 value 10 10 10 1 10 0 122 65 0 21 77 122 65 11 
key 73 1 00 00 value 10 10 10 1 10 0 91 117 0 21 77 91 117 161 
key 74 1 00 00 value 10 10 10 1 10 0 79 140 0 21 77 79 140 164 
key 75 1 00 00 value 10 10 10 1 10 0 161 205 0 21 77 161 205 21 
key 76 1 00 00 value 10 10 10 1 10 0 110 186 0 21 77 110 186 102 
key 77 1 00 00 value 10 10 10 1 10 0 107 6 0 21 77 107 6 121 
key 78 1 00 00 value 10 10 10 1 10 0 249 132 0 21 77 249 132 236 
key 79 1 00 00 value 10 10 10 1 10 0 42 84 0 21 77 42 84 16 
key 80 1 00 00 value 10 10 10 1 10 0 210 142 0 21 77 210 142 12 
key 81 1 00 00 value 10 10 10 1 10 0 205 123 0 21 77 205 123 164 
key 82 1 00 00 value 10 10 10 1 10 0 12 122 0 21 77 12 122 210 
key 83 1 00 00 value 10 10 10 1 10 0 149 177 0 21 77 149 177 81 
key 84 1 00 00 value 10 10 10 1 10 0 167 49 0 21 77 167 49 98 
key 85 1 00 00 value 10 10 10 1 10 0 6 59 0 21 77 6 59 51 
key 86 1 00 00 value 10 10 10 1 10 0 63 239 0 21 77 63 239 64 
key 87 1 00 00 value 10 10 10 1 10 0 128 241 0 21 77 128 241 190 
key 88 1 00 00 value 10 10 10 1 10 0 52 202 0 21 77 52 202 6 
key 89 1 00 00 value 10 10 10 1 10 0 240 205 0 21 77 240 205 66 
key 90 1 00 00 value 10 10 10 1 10 0 228 221 0 21 77 228 221 246 
key 91 1 00 00 value 10 10 10 1 10 0 234 90 0 21 77 234 90 9 
key 92 1 00 00 value 10 10 10 1 10 0 81 203 0 21 77 81 203 18 
key 93 1 00 00 value 10 10 10 1 10 0 170 147 0 21 77 170 147 183 
key 94 1 00 00 value 10 10 10 1 10 0 223 175 0 21 77 223 175 134 
key 95 1 00 00 value 10 10 10 1 10 0 246 221 0 21 77 246 221 112 
key 96 1 00 00 value 10 10 10 1 10 0 196 31 0 21 77 196 31 50 
key 97 1 00 00 value 10 10 10 1 10 0 1 40 0 21 77 1 40 72 
key 98 1 00 00 value 10 10 10 1 10 0 97 220 0 21 77 97 220 40 
key 99 1 00 00 value 10 10 10 1 10 0 248 112 0 21 77 248 112 208 
key 100 1 00 00 value 10 10 10 1 10 0 87 205 0 21 77 87 205 225 
key 101 1 00 00 value 10 10 10 1 10 0 160 95 0 21 77 160 95 188 
key 102 1 00 00 value 10 10 10 1 10 0 185 69 0 21 77 185 69 63 
key 103 1 00 00 value 10 10 10 1 10 0 204 194 0 21 77 204 194 118 
key 104 1 00 00 value 10 10 10 1 10 0 48 123 0 21 77 48 123 94 
key 105 1 00 00 value 10 10 10 1 10 0 103 27 0 21 77 103 27 81 
key 106 1 00 00 value 10 10 10 1 10 0 29 131 0 21 77 29 131 121 
key 107 1 00 00 value 10 10 10 1 10 0 39 185 0 21 77 39 185 80 
key 108 1 00 00 value 10 10 10 1 10 0 74 136 0 21 77 74 136 23 
key 109 1 00 00 value 10 10 10 1 10 0 173 112 0 21 77 173 112 25 
key 110 1 00 00 value 10 10 10 1 10 0 88 173 0 21 77 88 173 94 
key 111 1 00 00 value 10 10 10 1 10 0 203 15 0 21 77 203 15 174 
key 112 1 00 00 value 10 10 10 1 10 0 11 122 0 21 77 11 122 65 
key 113 1 00 00 value 10 10 10 1 10 0 148 58 0 21 77 148 58 28 
key 114 1 00 00 value 10 10 10 1 10 0 236 123 0 21 77 236 123 153 
key 115 1 00 00 value 10 10 10 1 10 0 101 95 0 21 77 101 95 179 
key 116 1 00 00 value 10 10 10 1 10 0 185 218 0 21 77 185 218 36 
key 117 1 00 00 value 10 10 10 1 10 0 8 59 0 21 77 8 59 136 
key 118 1 00 00 value 10 10 10 1 10 0 172 55 0 21 77 172 55 150 
key 119 1 00 00 value 10 10 10 1 10 0 184 32 0 21 77 184 32 162 
key 120 1 00 00 value 10 10 10 1 10 0 191 221 0 21 77 191 221 5 
key 121 1 00 00 value 10 10 10 1 10 0 207 182 0 21 77 207 182 164 
key 122 1 00 00 value 10 10 10 1 10 0 115 120 0 21 77 115 120 98 
key 123 1 00 00 value 10 10 10 1 10 0 46 33 0 21 77 46 33 36 
key 124 1 00 00 value 10 10 10 1 10 0 200 39 0 21 77 200 39 137 
key 125 1 00 00 value 10 10 10 1 10 0 41 185 0 21 77 41 185 244 
key 126 1 00 00 value 10 10 10 1 10 0 83 242 0 21 77 83 242 149 
key 127 1 00 00 value 10 10 10 1 10 0 132 80 0 21 77 132 80 138 
key 128 1 00 00 value 10 10 10 1 10 0 16 221 0 21 77 16 221 17 
key 129 1 00 00 value 10 10 10 1 10 0 105 98 0 21 77 105 98 170 
key 130 1 00 00 value 10 10 10 1 10 0 205 125 0 21 77 205 125 161 
key 131 1 00 00 value 10 10 10 1 10 0 82 144 0 21 77 82 144 54 
key 132 1 00 00 value 10 10 10 1 10 0 135 51 0 21 77 135 51 118 
key 133 1 00 00 value 10 10 10 1 10 0 206 129 0 21 77 206 129 254 
key 134 1 00 00 value 10 10 10 1 10 0 159 156 0 21 77 159 156 225 
key 135 1 00 00 value 10 10 10 1 10 0 152 36 0 21 77 152 36 165 
key 136 1 00 00 value 10 10 10 1 10 0 133 111 0 21 77 133 111 177 
key 137 1 00 00 value 10 10 10 1 10 0 156 207 0 21 77 156 207 144 
key 138 1 00 00 value 10 10 10 1 10 0 14 145 0 21 77 14 145 196 
key 139 1 00 00 value 10 10 10 1 10 0 106 49 0 21 77 106 49 85 
key 140 1 00 00 value 10 10 10 1 10 0 10 184 0 21 77 10 184 137 
key 141 1 00 00 value 10 10 10 1 10 0 68 115 0 21 77 68 115 126 
key 142 1 00 00 value 10 10 10 1 10 0 195 89 0 21 77 195 89 52 
key 143 1 00 00 value 10 10 10 1 10 0 43 111 0 21 77 43 111 9 
key 144 1 00 00 value 10 10 10 1 10 0 73 101 0 21 77 73 101 132 
key 145 1 00 00 value 10 10 10 1 10 0 179 181 0 21 77 179 181 165 
key 146 1 00 00 value 10 10 10 1 10 0 211 149 0 21 77 211 149 175 
key 147 1 00 00 value 10 10 10 1 10 0 40 212 0 21 77 40 212 113 
key 148 1 00 00 value 10 10 10 1 10 0 203 64 0 21 77 203 64 235 
key 149 1 00 00 value 10 10 10 1 10 0 212 158 0 21 77 212 158 166 
key 150 1 00 00 value 10 10 10 1 10 0 173 114 0 21 77 173 114 147 
key 151 1 00 00 value 10 10 10 1 10 0 252 163 0 21 77 252 163 170 
key 152 1 00 00 value 10 10 10 1 10 0 250 41 0 21 77 250 41 14 
key 153 1 00 00 value 10 10 10 1 10 0 247 142 0 21 77 247 142 96 
key 154 1 00 00 value 10 10 10 1 10 0 27 73 0 21 77 27 73 72 
key 155 1 00 00 value 10 10 10 1 10 0 76 231 0 21 77 76 231 126 
key 156 1 00 00 value 10 10 10 1 10 0 124 124 0 21 77 124 124 115 
key 157 1 00 00 value 10 10 10 1 10 0 86 88 0 21 77 86 88 227 
key 158 1 00 00 value 10 10 10 1 10 0 18 175 0 21 77 18 175 120 
key 159 1 00 00 value 10 10 10 1 10 0 157 82 0 21 77 157 82 91 
key 160 1 00 00 value 10 10 10 1 10 0 149 16 0 21 77 149 16 215 
key 161 1 00 00 value 10 10 10 1 10 0 183 176 0 21 77 183 176 131 
key 162 1 00 00 value 10 10 10 1 10 0 192 110 0 21 77 192 110 112 
key 163 1 00 00 value 10 10 10 1 10 0 139 55 0 21 77 139 55 195 
key 164 1 00 00 value 10 10 10 1 10 0 206 27 0 21 77 206 27 169 
key 165 1 00 00 value 10 10 10 1 10 0 248 152 0 21 77 248 152 6 
key 166 1 00 00 value 10 10 10 1 10 0 118 176 0 21 77 118 176 116 
key 167 1 00 00 value 10 10 10 1 10 0 246 88 0 21 77 246 88 37 
key 168 1 00 00 value 10 10 10 1 10 0 161 3 0 21 77 161 3 211 
key 169 1 00 00 value 10 10 10 1 10 0 132 208 0 21 77 132 208 213 
key 170 1 00 00 value 10 10 10 1 10 0 100 185 0 21 77 100 185 40 
key 171 1 00 00 value 10 10 10 1 10 0 51 191 0 21 77 51 191 162 
key 172 1 00 00 value 10 10 10 1 10 0 15 149 0 21 77 15 149 141 
key 173 1 00 00 value 10 10 10 1 10 0 196 197 0 21 77 196 197 13 
key 174 1 00 00 value 10 10 10 1 10 0 171 170 0 21 77 171 170 231 
key 175 1 00 00 value 10 10 10 1 10 0 59 69 0 21 77 59 69 100 
key 176 1 00 00 value 10 10 10 1 10 0 52 141 0 21 77 52 141 123 
key 177 1 00 00 value 10 10 10 1 10 0 129 164 0 21 77 129 164 152 
key 178 1 00 00 value 10 10 10 1 10 0 0 98 0 21 77 0 98 12 
key 179 1 00 00 value 10 10 10 1 10 0 222 19 0 21 77 222 19 8 
key 180 1 00 00 value 10 10 10 1 10 0 164 29 0 21 77 164 29 123 
key 181 1 00 00 value 10 10 10 1 10 0 86 26 0 21 77 86 26 17 
key 182 1 00 00 value 10 10 10 1 10 0 127 171 0 21 77 127 171 187 
key 183 1 00 00 value 10 10 10 1 10 0 114 10 0 21 77 114 10 133 
key 184 1 00 00 value 10 10 10 1 10 0 55 123 0 21 77 55 123 243 
key 185 1 00 00 value 10 10 10 1 10 0 89 92 0 21 77 89 92 214 
key 186 1 00 00 value 10 10 10 1 10 0 31 168 0 21 77 31 168 190 
key 187 1 00 00 value 10 10 10 1 10 0 138 99 0 21 77 138 99 145 
key 188 1 00 00 value 10 10 10 1 10 0 4 32 0 21 77 4 32 129 
key 189 1 00 00 value 10 10 10 1 10 0 149 72 0 21 77 149 72 47 
key 190 1 00 00 value 10 10 10 1 10 0 213 222 0 21 77 213 222 149 
key 191 1 00 00 value 10 10 10 1 10 0 30 251 0 21 77 30 251 35 
key 192 1 00 00 value 10 10 10 1 10 0 60 103 0 21 77 60 103 17 
key 193 1 00 00 value 10 10 10 1 10 0 137 88 0 21 77 137 88 45 
key 194 1 00 00 value 10 10 10 1 10 0 86 16 0 21 77 86 16 21 
key 195 1 00 00 value 10 10 10 1 10 0 164 119 0 21 77 164 119 7 
key 196 1 00 00 value 10 10 10 1 10 0 44 89 0 21 77 44 89 26 
key 197 1 00 00 value 10 10 10 1 10 0 149 205 0 21 77 149 205 97 
key 198 1 00 00 value 10 10 10 1 10 0 148 1 0 21 77 148 1 71 
key 199 1 00 00 value 10 10 10 1 10 0 147 115 0 21 77 147 115 154 
key 200 1 00 00 value 10 10 10 1 10 0 254 89 0 21 77 254 89 60 
key 201 1 00 00 value 10 10 10 1 10 0 165 84 0 21 77 165 84 75 
key 202 1 00 00 value 10 10 10 1 10 0 238 19 0 21 77 238 19 162 
key 203 1 00 00 value 10 10 10 1 10 0 148 122 0 21 77 148 122 183 
key 204 1 00 00 value 10 10 10 1 10 0 9 51 0 21 77 9 51 85 
key 205 1 00 00 value 10 10 10 1 10 0 2 202 0 21 77 2 202 235 
key 206 1 00 00 value 10 10 10 1 10 0 253 117 0 21 77 253 117 114 
key 207 1 00 00 value 10 10 10 1 10 0 55 186 0 21 77 55 186 119 
key 208 1 00 00 value 10 10 10 1 10 0 166 31 0 21 77 166 31 157 
key 209 1 00 00 value 10 10 10 1 10 0 89 164 0 21 77 89 164 7 
key 210 1 00 00 value 10 10 10 1 10 0 117 157 0 21 77 117 157 35 
key 211 1 00 00 value 10 10 10 1 10 0 87 226 0 21 77 87 226 33 
key 212 1 00 00 value 10 10 10 1 10 0 56 68 0 21 77 56 68 94 
key 213 1 00 00 value 10 10 10 1 10 0 153 26 0 21 77 153 26 211 
key 214 1 00 00 value 10 10 10 1 10 0 39 103 0 21 77 39 103 21 
key 215 1 00 00 value 10 10 10 1 10 0 124 144 0 21 77 124 144 245 
key 216 1 00 00 value 10 10 10 1 10 0 96 17 0 21 77 96 17 197 
key 217 1 00 00 value 10 10 10 1 10 0 195 128 0 21 77 195 128 174 
key 218 1 00 00 value 10 10 10 1 10 0 104 150 0 21 77 104 150 126 
key 219 1 00 00 value 10 10 10 1 10 0 156 200 0 21 77 156 200 150 
key 220 1 00 00 value 10 10 10 1 10 0 204 190 0 21 77 204 190 31 
key 221 1 00 00 value 10 10 10 1 10 0 86 105 0 21 77 86 105 15 
key 222 1 00 00 value 10 10 10 1 10 0 213 5 0 21 77 213 5 69 
key 223 1 00 00 value 10 10 10 1 10 0 62 172 0 21 77 62 172 119 
key 224 1 00 00 value 10 10 10 1 10 0 129 232 0 21 77 129 232 122 
key 225 1 00 00 value 10 10 10 1 10 0 176 5 0 21 77 176 5 72 
key 226 1 00 00 value 10 10 10 1 10 0 190 93 0 21 77 190 93 96 
key 227 1 00 00 value 10 10 10 1 10 0 19 112 0 21 77 19 112 189 
key 228 1 00 00 value 10 10 10 1 10 0 184 232 0 21 77 184 232 38 
key 229 1 00 00 value 10 10 10 1 10 0 98 248 0 21 77 98 248 226 
key 230 1 00 00 value 10 10 10 1 10 0 69 84 0 21 77 69 84 226 
key 231 1 00 00 value 10 10 10 1 10 0 92 106 0 21 77 92 106 215 
key 232 1 00 00 value 10 10 10 1 10 0 47 188 0 21 77 47 188 84 
key 233 1 00 00 value 10 10 10 1 10 0 218 82 0 21 77 218 82 87 
key 234 1 00 00 value 10 10 10 1 10 0 132 60 0 21 77 132 60 200 
key 235 1 00 00 value 10 10 10 1 10 0 71 181 0 21 77 71 181 182 
key 236 1 00 00 value 10 10 10 1 10 0 187 5 0 21 77 187 5 250 
key 237 1 00 00 value 10 10 10 1 10 0 194 25 0 21 77 194 25 124 
key 238 1 00 00 value 10 10 10 1 10 0 92 6 0 21 77 92 6 234 
key 239 1 00 00 value 10 10 10 1 10 0 198 249 0 21 77 198 249 87 
key 240 1 00 00 value 10 10 10 1 10 0 187 141 0 21 77 187 141 88 
key 241 1 00 00 value 10 10 10 1 10 0 180 111 0 21 77 180 111 229 
key 242 1 00 00 value 10 10 10 1 10 0 23 1 0 21 77 23 1 159 
key 243 1 00 00 value 10 10 10 1 10 0 84 243 0 21 77 84 243 63 
key 244 1 00 00 value 10 10 10 1 10 0 241 172 0 21 77 241 172 107 
key 245 1 00 00 value 10 10 10 1 10 0 227 128 0 21 77 227 128 11 
key 246 1 00 00 value 10 10 10 1 10 0 110 106 0 21 77 110 106 127 
key 247 1 00 00 value 10 10 10 1 10 0 95 143 0 21 77 95 143 133 
key 248 1 00 00 value 10 10 10 1 10 0 46 63 0 21 77 46 63 89 
key 249 1 00 00 value 10 10 10 1 10 0 176 140 0 21 77 176 140 125 
key 250 1 00 00 value 10 10 10 1 10 0 195 155 0 21 77 195 155 107 
key 251 1 00 00 value 10 10 10 1 10 0 214 76 0 21 77 214 76 147 
key 252 1 00 00 value 10 10 10 1 10 0 6 174 0 21 77 6 174 90 
key 253 1 00 00 value 10 10 10 1 10 0 58 186 0 21 77 58 186 136 
key 254 1 00 00 value 10 10 10 1 10 0 169 249 0 21 77 169 249 230 
key 255 1 00 00 value 10 10 10 1 10 0 187 211 0 21 77 187 211 44 
